2431797 80001046
2430272 80001047
2430339 80001047
2430340 80001047
2431505 80001047
2432030 80001049
2430266 80001050
2430360 80001050
2430361 80001050
2430145 80001052
2430354 80001054
2430355 80001054
2430508 80001054
2436067 80001054
2430356 80001055
2430357 80001055
2430521 80001055
2431914 80001055
2430358 80001056
2430359 80001056
2430507 80001056
2430315 80001058
2430316 80001058
2432218 80001058
2430317 80001059
2430319 80001060
2430320 80001060
2430293 80001066
2430294 80001066
2430295 80001067
2430296 80001067
2430297 80001068
2430298 80001068
2431799 80001068
2430299 80001069
2430300 80001069
2430301 80001070
2430302 80001070
2430303 80001071
2430304 80001071
2432108 80001071
2430091 80001072
2430305 80001072
2430306 80001072
2430050 80001073
2430259 80001073
2430307 80001073
2430308 80001073
2430717 80001073
2433459 80001073
2430309 80001074
2430310 80001074
2430136 80001076
2430271 80001076
2430311 80001076
2430312 80001076
2431504 80001076
2430313 80001077
2430314 80001077
2432751 80001077
2432752 80001077
2430335 80001111
2430336 80001111
2432735 80001112
2432736 80001112
2433097 80001121
2430876 80001166
2430877 80001166
2430878 80001166
2430323 80001109
2431473 80001257
2432381 80001257
2431474 80001258
2432382 80001258
2431733 80001277
2431745 80001277
2431733 80001278
2431745 80001278
2431764 80001289
2431765 80001290
2431764 80001294
2431765 80001295
2210092 80001208
2431123 80001208
2432242 80001208
2435216 80001208
2433682 80001230
2431797 80001300
2431797 80001301
2430297 80001302
2430298 80001302
2431799 80001302
2430297 80001303
2430298 80001303
2431799 80001303
2431856 80001304
2430317 80001310
2430319 80001311
2430320 80001311
2430335 80001319
2430336 80001319
2431898 80001324
2435782 80001324
2431898 80001325
2435782 80001325
2431915 80001327
2431915 80001328
2432007 80001345
2432008 80001345
2432839 80001345
2432030 80001347
2432135 80001348
2432078 80001353
2432078 80001354
2432085 80001355
2432085 80001356
2432135 80001397
2432151 80001400
2432151 80001401
2432309 80001404
2434132 80001404
2210092 80001411
2431123 80001411
2432242 80001411
2435216 80001411
2210092 80001412
2431123 80001412
2432242 80001412
2435216 80001412
2430315 80001413
2430316 80001413
2432218 80001413
2430315 80001414
2430316 80001414
2432218 80001414
2432291 80001419
2432291 80001420
2432293 80001421
2432293 80001422
2432295 80001423
2432295 80001424
2432328 80001435
2432347 80001440
2434914 80001440
2434925 80001440
2432348 80001441
2434915 80001441
2434926 80001441
2432349 80001442
2434918 80001442
2434927 80001442
2432350 80001443
2434923 80001443
2436310 80001443
2432351 80001444
2434924 80001444
2434928 80001444
2432359 80001445
2432359 80001446
2432361 80001447
2432361 80001448
2431490 80001452
2432418 80001453
2432431 80001480
2432432 80001480
2432431 80001481
2432432 80001481
2430299 80001482
2430300 80001482
2430299 80001483
2430300 80001483
2432449 80001484
2432450 80001484
2432449 80001485
2432450 80001485
2432552 80001492
2432167 80001403
2433128 80001403
2432580 80001503
2432581 80001503
2432580 80001504
2432581 80001504
2432582 80001506
2432583 80001506
2435583 80001507
2432498 80001508
2432499 80001508
2432498 80001509
2432499 80001509
2022455 80001510
2432500 80001510
2432501 80001510
2022455 80001511
2432500 80001511
2432501 80001511
2432635 80001517
2432653 80001533
2432653 80001534
2432735 80001550
2432736 80001550
2432735 80001551
2432736 80001551
2432733 80001552
2432733 80001553
2430313 80001554
2430314 80001554
2432751 80001554
2432752 80001554
2430313 80001555
2430314 80001555
2432751 80001555
2432752 80001555
2432806 80001557
2432807 80001557
2432806 80001558
2432807 80001558
2432994 80001561
2432995 80001562
2432996 80001563
2432997 80001564
2432998 80001565
2432999 80001566
2433000 80001567
2433001 80001568
2433002 80001569
2433003 80001570
2433003 80001571
2433003 80001572
2434728 80001592
2433498 80001630
2433499 80001630
2433500 80001631
2433501 80001631
2433498 80001639
2433499 80001639
2433500 80001640
2433501 80001640
2430050 80001643
2430259 80001643
2430307 80001643
2430308 80001643
2430717 80001643
2433459 80001643
2431422 80001644
2431426 80001645
2431542 80001645
2433461 80001645
2434581 80001645
2433498 80001671
2433499 80001671
2433498 80001672
2433499 80001672
2433500 80001673
2433501 80001673
2433500 80001674
2433501 80001674
2433658 80001703
2433659 80001703
2433735 80001707
2433734 80001708
2433736 80001708
2433735 80001709
2433734 80001710
2433736 80001710
2433809 80001711
2433810 80001711
2433809 80001712
2433810 80001712
2433811 80001713
2433812 80001713
2433811 80001714
2433812 80001714
2433946 80001764
2433947 80001764
2433946 80001765
2433947 80001765
2433948 80001766
2433949 80001766
2433948 80001767
2433949 80001767
2434025 80001774
2434078 80001776
2434078 80001777
2434080 80001778
2434080 80001779
2432653 80001782
2433809 80001783
2433810 80001783
2434275 80001784
2434276 80001784
2434275 80001785
2434276 80001785
2434277 80001786
2434277 80001787
2434379 80001790
2434380 80001790
2434379 80001791
2434380 80001791
2434377 80001792
2434377 80001793
2434515 80001811
2434516 80001811
2434515 80001812
2434516 80001812
2434517 80001813
2434518 80001813
2434517 80001814
2434518 80001814
2434526 80001867
2434527 80001868
2434580 80001870
2431426 80001871
2431542 80001871
2433461 80001871
2434581 80001871
2431415 80001872
2432379 80001872
2434582 80001872
2435784 80001872
2435791 80001872
2434649 80001918
2434650 80001918
2434649 80001919
2434650 80001919
2434674 80001920
2436314 80001920
2436315 80001920
2434728 80001933
2434761 80001934
2433733 80001935
2434762 80001935
2432007 80011098
2432008 80011098
2432839 80011098
2432821 80011094
2433053 80011127
2434078 80011128
2433168 80011134
2433169 80011135
2433170 80011136
2433198 80011137
2433511 80011148
2434241 80011148
2433733 80011157
2434762 80011157
2020002 80011139
2433292 80011139
2481004 80011139
2020002 80011142
2433292 80011142
2481004 80011142
2434234 80011234
2435214 80011234
2431424 80011257
2431528 80011257
2432414 80011257
2434235 80011236
2434236 80011237
2432347 80011281
2434914 80011281
2434925 80011281
2432348 80011282
2434915 80011282
2434926 80011282
2432349 80011283
2434918 80011283
2434927 80011283
2432351 80011284
2434924 80011284
2434928 80011284
2434618 80011263
2433097 80011342
2210092 80011343
2431123 80011343
2432242 80011343
2435216 80011343
2432167 80011344
2433128 80011344
2430264 80011345
2430550 80011345
2431496 80011345
2431498 80011350
2431498 80011351
2435375 80011352
2435376 80011352
2435375 80011353
2435376 80011353
2431797 80011356
2434660 80011270
2434603 80011262
2435553 80011357
2435554 80011357
2435785 80011357
2435553 80011358
2435554 80011358
2435785 80011358
2435555 80011359
2435556 80011359
2435786 80011359
2436188 80011359
2435555 80011360
2435556 80011360
2435786 80011360
2436188 80011360
2431353 80011403
2431456 80011403
2431457 80011403
2432380 80011403
2433460 80011403
2433924 80011403
2435781 80011403
2435789 80011403
2431267 80011404
2431268 80011404
2432377 80011404
2435783 80011404
2435790 80011404
2435729 80011395
2435730 80011396
2435731 80011397
2435732 80011398
2435946 80011405
2435947 80011406
2432135 80011411
2433734 80011412
2433736 80011412
2433735 80011413
2430354 80011414
2430355 80011414
2430508 80011414
2436067 80011414
2430264 80011415
2430550 80011415
2431496 80011415
2433097 80011416
2432167 80011417
2433128 80011417
2432309 80011418
2434132 80011418
2430073 80001045
2430117 80001045
2430076 80001048
2430118 80001048
2430137 80001051
2430367 80001057
2430258 80001057
2430325 80001061
2430326 80001061
2430341 80001062
2430342 80001062
2430080 80001064
2430101 80001065
2430324 80001078
2430345 80001078
2430147 80001053
2430148 80001053
2430135 80001088
2430201 80001114
2430202 80001114
2430203 80001114
2430666 80001127
2430667 80001127
2430750 80001153
2430751 80001153
2430922 80001182
2432451 80001292
2430555 80001225
2430556 80001225
2430557 80001225
2430228 80001326
2432015 80001333
2432006 80001331
2432003 80001331
2433006 80001336
2430875 80001338
2430876 80001338
2430877 80001338
2432527 80001490
2432528 80001491
2434525 80001866
2434735 80001921
2434736 80001921
2434737 80001923
2434738 80001923
2434967 80001942
2434968 80001942
2435112 80001950
2435113 80001951
2435114 80001952
2435089 80001956
2435090 80001956
2435091 80001958
2435092 80001958
2435202 80001975
2435203 80001975
2435204 80001977
2435205 80001977
2433060 80011129
2433293 80011140
2434536 80011256
2435377 80011354
2435378 80011354
2439907 80011760
2439908 80011761